8.62636e-08 2.46855e-08 -4.47143e-09 -8.75272e-08 1.34862e-07 1.31068e-08 5.2874e-08 2.98131e-09 -4.24303e-10 1.59873e-07 2.01431e-07 2.89618e-07 1.08881e-07 2.64494e-08 4.61179e-08 6.21048e-07 -1.38385e-06 -6.80317e-07 4.49988e-08 -1.22467e-08 3.89863e-08 1.72382e-06 -2.48285e-06 -2.4381e-06 5.72733e-08 9.57176e-08 3.07643e-08 6.61112e-08 -1.97145e-06 -1.72587e-06 9.9888e-08 6.29833e-08 1.63636e-08 3.9432e-07 -9.92481e-07 -9.82721e-08 1.19855e-07 8.56832e-08 7.88906e-09 -4.13573e-07 -4.47476e-07 -5.03997e-07 8.31281e-08 2.93363e-08 -1.36143e-09 -5.2409e-08 2.99193e-08 -0.00197437 -9.1855e-07
2.46855e-08 4.41936e-08 -2.22969e-08 -4.44595e-07 2.69181e-08 1.56757e-07 2.68504e-09 4.3343e-08 -1.7945e-08 -1.37617e-07 3.2923e-08 1.74347e-07 4.00571e-08 6.35136e-08 1.612e-08 -1.04598e-07 -5.58718e-07 9.64468e-08 3.61863e-08 1.21247e-08 2.15908e-08 6.4346e-07 -8.52471e-07 -6.67577e-07 4.02836e-08 3.01898e-08 1.18112e-08 -7.87511e-08 -6.33191e-07 -2.94656e-07 3.42923e-08 6.73963e-08 8.28404e-10 -2.58106e-07 -4.56707e-07 3.13242e-07 2.87978e-08 3.02404e-08 -6.95252e-09 -3.73779e-07 -2.69858e-07 5.62093e-08 3.13052e-08 4.60514e-08 -2.04455e-08 -4.00884e-07 2.09154e-07 0.000217029 1.73864e-07
-4.47143e-09 -2.22969e-08 3.52353e-08 3.62864e-07 -2.23512e-08 -1.59602e-07 4.39877e-09 -5.36015e-09 2.51115e-08 6.10521e-08 -1.47874e-08 2.03958e-07 4.06222e-09 -3.98276e-08 1.06176e-08 3.25235e-07 1.20178e-07 -1.60621e-07 1.53426e-08 -3.7675e-08 -2.02193e-09 2.64832e-07 2.25948e-07 -1.10152e-07 8.41287e-09 -3.79562e-08 1.02712e-08 3.23606e-07 1.75044e-07 -1.344e-07 4.266e-09 -3.5237e-08 2.02355e-08 3.14847e-07 9.20063e-08 -2.17792e-07 -1.28387e-09 -3.14915e-08 2.48019e-08 3.54799e-07 6.11529e-08 -1.84994e-07 -3.55179e-09 -2.3524e-08 3.33014e-08 3.49863e-07 -1.97478e-07 -0.000116344 4.29453e-08
-8.75272e-08 -4.44595e-07 3.62864e-07 7.1591e-06 -3.34306e-07 -2.72346e-06 1.9646e-08 -1.68912e-07 2.67651e-07 4.01574e-06 7.21304e-08 1.36217e-06 1.83769e-07 -3.91058e-07 -7.40276e-09 5.72663e-06 3.09748e-06 -1.57668e-06 3.40041e-07 -3.39893e-07 -1.67791e-07 4.83805e-06 4.45364e-06 -9.77396e-08 2.50481e-07 -5.16507e-07 -7.88491e-09 4.40958e-06 3.37781e-06 -1.76703e-06 1.62604e-07 -4.92407e-07 7.80497e-08 6.08662e-06 2.49076e-06 -2.78459e-06 7.12652e-08 -5.27355e-07 1.69811e-07 4.99023e-06 2.41077e-06 -2.05049e-06 -3.61849e-08 -4.01832e-07 3.25531e-07 6.40698e-06 -2.88871e-06 0.00457475 -8.29357e-07
1.34862e-07 2.69181e-08 -2.23512e-08 -3.34306e-07 1.74749e-06 -6.51231e-08 5.86894e-08 8.0759e-10 -6.48258e-09 2.60449e-07 7.74658e-07 -5.28902e-07 -1.96405e-08 4.03134e-08 3.52237e-09 1.62642e-07 -7.77207e-07 -9.43604e-07 -5.45511e-08 1.42994e-07 3.76221e-08 -1.02831e-06 -1.29952e-06 -1.72478e-07 -3.14339e-08 1.14156e-07 2.26837e-08 -1.59354e-06 -1.08292e-06 -1.06856e-06 2.47614e-08 -4.80946e-09 -1.92086e-08 4.71663e-07 -1.48833e-07 -6.60342e-07 7.98166e-08 9.97247e-08 -2.33908e-08 -1.63704e-06 8.48577e-07 -4.57419e-07 9.80067e-09 -3.96977e-09 -7.43396e-10 2.14874e-07 -8.85702e-07 0.00112286 -1.64196e-06
1.31068e-08 1.56757e-07 -1.59602e-07 -2.72346e-06 -6.51231e-08 7.51852e-06 -3.95424e-08 6.98202e-08 -1.36896e-07 -1.64918e-06 -2.59483e-07 2.86604e-06 -1.60828e-07 1.83695e-07 -6.70668e-08 -2.99347e-06 -1.1774e-06 6.37745e-06 -1.4238e-07 2.0039e-07 2.57529e-08 -3.08238e-06 -5.37057e-07 7.20179e-06 -1.02547e-07 1.18015e-07 -4.48171e-08 -5.25237e-07 -2.08772e-07 8.38297e-06 -1.46023e-07 1.89173e-07 -6.94869e-08 -2.75096e-06 -1.06418e-06 6.20686e-06 -1.37742e-07 1.10012e-07 -9.70183e-08 -5.01639e-07 -1.83094e-06 7.02259e-06 -6.77699e-09 1.76403e-07 -1.76161e-07 -2.99892e-06 6.53613e-06 0.000211408 2.9314e-06
5.2874e-08 2.68504e-09 4.39877e-09 1.9646e-08 5.86894e-08 -3.95424e-08 5.47511e-08 -2.52099e-08 4.70124e-09 5.40125e-08 2.85632e-07 1.28881e-07 4.5184e-08 -1.87047e-08 2.80164e-08 4.2258e-07 -9.28269e-07 -6.13052e-07 -1.07749e-08 -4.49699e-09 2.47749e-08 6.95322e-07 -1.65044e-06 -1.48295e-06 -4.62781e-10 7.6241e-08 1.98754e-08 -4.7769e-08 -1.36231e-06 -1.13564e-06 4.5641e-08 1.33479e-08 1.34315e-08 3.51237e-07 -6.32526e-07 -2.462e-07 7.10312e-08 6.9645e-08 1.01337e-08 -2.47601e-07 -3.12865e-07 -4.04264e-07 4.64246e-08 2.20776e-09 6.96641e-09 5.28053e-08 -2.90823e-08 -0.00206674 -8.78752e-07
2.98131e-09 4.3343e-08 -5.36015e-09 -1.68912e-07 8.0759e-10 6.98202e-08 -2.52099e-08 1.1692e-07 -1.48969e-08 -2.27824e-07 -3.55595e-08 7.28558e-07 7.03712e-08 1.076e-07 1.77112e-08 6.43097e-08 -1.66536e-07 4.89974e-07 1.31561e-07 -1.78848e-08 1.30399e-08 1.43963e-06 -3.04817e-08 -3.51671e-07 1.20762e-07 -6.26078e-08 1.5413e-08 4.04642e-07 1.11172e-07 3.74491e-08 5.69684e-08 8.16968e-08 8.24763e-09 -2.02153e-07 -2.31097e-07 5.43722e-07 1.22405e-08 -5.31752e-08 3.59651e-09 -4.80527e-08 -7.93366e-08 1.63871e-07 2.66169e-08 5.50414e-08 -6.03118e-09 -2.09813e-07 1.16856e-07 0.00264633 1.10262e-06
-4.24303e-10 -1.7945e-08 2.51115e-08 2.67651e-07 -6.48258e-09 -1.36896e-07 4.70124e-09 -1.48969e-08 3.0687e-08 1.67656e-07 -4.11074e-08 9.33139e-08 7.00355e-10 -3.85663e-08 8.64371e-09 2.90938e-07 5.72383e-08 -2.09403e-07 3.0283e-09 -2.91824e-08 -1.37529e-09 1.73276e-07 9.94418e-08 -1.6659e-07 -1.55259e-10 -2.36429e-08 8.37642e-09 2.31578e-07 6.89792e-08 -1.90806e-07 1.97671e-09 -3.20623e-08 1.59309e-08 2.86838e-07 5.20513e-08 -2.3662e-07 1.91394e-09 -1.74315e-08 1.88276e-08 2.50468e-07 4.59164e-08 -1.90144e-07 -1.71666e-09 -2.15335e-08 2.71555e-08 2.97965e-07 -1.76509e-07 -0.000298622 -7.88568e-08
1.59873e-07 -1.37617e-07 6.10521e-08 4.01574e-06 2.60449e-07 -1.64918e-06 5.40125e-08 -2.27824e-07 1.67656e-07 9.63809e-06 8.53763e-07 -2.70244e-06 5.21374e-07 1.75443e-07 9.27204e-11 5.73352e-06 -1.57156e-06 -8.81912e-07 4.89744e-07 9.48064e-08 -6.29429e-08 8.18552e-06 -3.79747e-06 -3.68171e-06 4.69352e-07 -2.01904e-08 -2.10521e-08 1.62915e-06 -3.40241e-06 -4.33764e-06 4.67962e-07 -2.26824e-08 -1.07051e-07 5.92275e-06 -1.006e-06 -3.61336e-07 4.13908e-07 -1.53578e-07 -4.41258e-08 4.0035e-07 1.1836e-06 -8.54368e-07 2.44469e-07 -1.14722e-07 3.44377e-08 4.22363e-06 -1.09998e-06 0.00827413 -3.47415e-06
2.01431e-07 3.2923e-08 -1.47874e-08 7.21304e-08 7.74658e-07 -2.59483e-07 2.85632e-07 -3.55595e-08 -4.11074e-08 8.53763e-07 2.94697e-06 4.44624e-08 1.3539e-07 6.28527e-08 6.62264e-08 1.62102e-06 -3.86071e-06 -1.78773e-06 -1.70719e-08 1.58282e-07 9.59894e-08 1.84569e-06 -6.22383e-06 -3.80295e-06 2.02873e-08 2.87252e-07 6.30705e-08 -1.15532e-06 -5.29391e-06 -3.53558e-06 1.6595e-07 7.29994e-08 -4.08785e-09 1.6966e-06 -2.49659e-06 -5.4118e-07 2.47127e-07 2.40855e-07 -1.58686e-09 -2.06861e-06 -7.47742e-07 -1.05527e-06 1.63695e-07 2.984e-08 -8.57259e-09 3.43386e-07 -2.94573e-07 -0.00268863 -3.20043e-06
2.89618e-07 1.74347e-07 2.03958e-07 1.36217e-06 -5.28902e-07 2.86604e-06 1.28881e-07 7.28558e-07 9.33139e-08 -2.70244e-06 4.44624e-08 1.5614e-05 8.14342e-07 3.58677e-07 3.50118e-07 5.75791e-06 -7.0718e-06 1.93688e-06 1.08562e-06 -5.60576e-07 1.92856e-07 1.86892e-05 -8.931e-06 -1.03227e-05 1.02887e-06 -4.10369e-07 2.84304e-07 7.74343e-06 -6.09353e-06 -3.76201e-06 7.0945e-07 4.54342e-07 3.03306e-07 2.85335e-06 -5.87717e-06 4.11613e-06 4.6095e-07 -2.95102e-07 2.71754e-07 2.76786e-06 -3.64795e-06 7.26206e-07 4.81663e-07 2.41149e-07 2.36969e-07 1.35669e-06 3.152e-06 0.0046339 5.74319e-06
1.08881e-07 4.00571e-08 4.06222e-09 1.83769e-07 -1.96405e-08 -1.60828e-07 4.5184e-08 7.03712e-08 7.00355e-10 5.21374e-07 1.3539e-07 8.14342e-07 5.14539e-07 1.6429e-07 1.09984e-07 3.26479e-07 1.60959e-06 5.66117e-07 4.25475e-07 -1.8017e-07 2.19393e-08 5.31729e-06 -7.79481e-07 -4.04309e-06 3.7552e-07 4.67049e-08 3.03011e-08 8.72216e-07 -1.9678e-07 -2.23852e-06 3.50241e-07 2.14816e-07 1.92185e-08 -3.73323e-07 5.81723e-07 8.80474e-07 2.72893e-07 -7.29559e-09 2.2674e-08 5.08927e-07 5.6021e-07 -3.6597e-07 1.4143e-07 5.77233e-08 6.80209e-09 1.61434e-07 8.26461e-08 -0.000519789 -6.81864e-07
2.64494e-08 6.35136e-08 -3.98276e-08 -3.91058e-07 4.03134e-08 1.83695e-07 -1.87047e-08 1.076e-07 -3.85663e-08 1.75443e-07 6.28527e-08 3.58677e-07 1.6429e-07 2.74721e-07 2.53605e-08 -1.42029e-06 2.37865e-07 1.11415e-06 2.15872e-07 4.10783e-08 2.97211e-08 1.4225e-06 -8.1224e-09 -4.07192e-07 1.86505e-07 1.76253e-08 5.628e-09 -1.96212e-07 1.63264e-07 -4.68041e-08 1.30542e-07 1.76955e-07 -2.15592e-08 -8.98608e-07 1.21367e-07 1.02258e-06 7.56906e-08 -1.29152e-08 -2.6365e-08 -4.48051e-07 2.11625e-07 4.08852e-07 5.29389e-08 8.28979e-08 -4.50839e-08 -4.87398e-07 3.31217e-07 0.0028486 6.14477e-07
4.61179e-08 1.612e-08 1.06176e-08 -7.40276e-09 3.52237e-09 -6.70668e-08 2.80164e-08 1.77112e-08 8.64371e-09 9.27204e-11 6.62264e-08 3.50118e-07 1.09984e-07 2.53605e-08 8.08531e-08 6.91529e-08 -4.30338e-07 -3.51086e-07 4.45023e-08 -6.74338e-08 3.82468e-08 1.55576e-06 -1.44425e-06 -2.15648e-06 5.45193e-08 2.35568e-08 3.64879e-08 2.72836e-07 -1.03605e-06 -1.38611e-06 8.39517e-08 5.3086e-08 3.62955e-08 2.06646e-08 -4.00764e-07 -4.92851e-08 7.75128e-08 3.25805e-08 2.33382e-08 -7.39295e-08 -1.98382e-07 -4.10272e-07 5.19528e-08 2.07096e-08 1.34702e-08 -1.05809e-08 -2.74499e-08 -0.00109684 -3.66011e-07
6.21048e-07 -1.04598e-07 3.25235e-07 5.72663e-06 1.62642e-07 -2.99347e-06 4.2258e-07 6.43097e-08 2.90938e-07 5.73352e-06 1.62102e-06 5.75791e-06 3.26479e-07 -1.42029e-06 6.91529e-08 3.20319e-05 -2.28545e-05 -1.51146e-05 4.66363e-08 -4.7988e-07 1.13283e-08 2.62946e-05 -2.91515e-05 -2.48474e-05 3.41233e-07 -4.26275e-08 2.77242e-07 9.69668e-06 -2.4373e-05 -1.87661e-05 4.95628e-07 -5.03451e-07 2.48399e-07 1.95429e-05 -1.6976e-05 -6.50433e-06 7.59123e-07 1.38218e-07 2.63466e-07 5.25333e-07 -7.69813e-06 -8.35838e-06 7.54845e-07 -8.81405e-08 3.53643e-07 6.58445e-06 -2.79359e-06 -0.00815177 -5.04077e-06
-1.38385e-06 -5.58718e-07 1.20178e-07 3.09748e-06 -7.77207e-07 -1.1774e-06 -9.28269e-07 -1.66536e-07 5.72383e-08 -1.57156e-06 -3.86071e-06 -7.0718e-06 1.60959e-06 2.37865e-07 -4.30338e-07 -2.28545e-05 7.11356e-05 2.43566e-05 2.17806e-06 -1.40925e-06 -1.08636e-06 -1.5107e-05 8.00332e-05 3.99075e-05 1.29216e-06 -1.86664e-06 -7.76797e-07 -1.50199e-07 6.79449e-05 3.2168e-05 1.81802e-07 -1.39266e-07 -4.036e-07 -2.10258e-05 4.62304e-05 7.95197e-06 -8.9511e-07 -2.17257e-06 -1.10687e-07 1.69604e-05 2.58101e-05 1.1706e-05 -1.46847e-06 -6.9073e-07 1.18917e-07 3.11286e-06 -2.08678e-06 0.0359194 1.10888e-05
-6.80317e-07 9.64468e-08 -1.60621e-07 -1.57668e-06 -9.43604e-07 6.37745e-06 -6.13052e-07 4.89974e-07 -2.09403e-07 -8.81912e-07 -1.78773e-06 1.93688e-06 5.66117e-07 1.11415e-06 -3.51086e-07 -1.51146e-05 2.43566e-05 3.00536e-05 1.21985e-06 3.81677e-07 -3.37258e-07 -1.05772e-05 3.05497e-05 3.81463e-05 8.01516e-07 -7.7387e-07 -3.93131e-07 -4.22063e-07 2.60084e-05 3.25081e-05 4.70068e-08 3.52652e-07 -3.74845e-07 -9.79526e-06 1.55245e-05 1.85065e-05 -6.8874e-07 -1.20581e-06 -1.25986e-07 7.02664e-06 6.31577e-06 1.75213e-05 -5.41183e-07 1.24633e-07 -2.02376e-07 -2.2325e-06 7.94898e-06 0.0330385 1.52715e-05
4.49988e-08 3.61863e-08 1.53426e-08 3.40041e-07 -5.45511e-08 -1.4238e-07 -1.07749e-08 1.31561e-07 3.0283e-09 4.89744e-07 -1.70719e-08 1.08562e-06 4.25475e-07 2.15872e-07 4.45023e-08 4.66363e-08 2.17806e-06 1.21985e-06 9.8057e-07 -4.30707e-08 4.85983e-08 3.1756e-06 5.62224e-06 2.39413e-06 4.88297e-07 -7.74035e-08 6.71198e-09 1.21469e-06 2.43421e-06 1.15681e-07 2.92062e-07 2.04966e-07 7.50047e-09 -6.76793e-07 1.08026e-06 1.03293e-06 1.79053e-07 -1.34569e-07 2.81917e-08 1.05306e-06 8.37901e-07 1.26262e-07 9.06429e-08 5.31303e-08 1.76439e-08 3.26174e-07 6.36432e-08 0.00294728 8.62668e-07
-1.22467e-08 1.21247e-08 -3.7675e-08 -3.39893e-07 1.42994e-07 2.0039e-07 -4.49699e-09 -1.78848e-08 -2.91824e-08 9.48064e-08 1.58282e-07 -5.60576e-07 -1.8017e-07 4.10783e-08 -6.74338e-08 -4.7988e-07 -1.40925e-06 3.81677e-07 -4.30707e-08 8.60362e-07 1.1629e-07 -9.47401e-06 -1.24203e-07 8.06518e-06 -1.29403e-07 1.96533e-07 -2.24324e-08 -2.27412e-06 -8.28357e-07 2.18171e-06 -1.14913e-07 -2.34942e-08 -6.49885e-08 1.55949e-07 -7.72801e-07 6.85747e-08 -6.68886e-08 7.46921e-08 -4.27267e-08 -1.15348e-06 -3.69013e-07 4.56894e-07 -2.538e-08 1.20039e-08 -4.38975e-08 -3.533e-07 1.87745e-07 0.000848144 -2.58336e-07
3.89863e-08 2.15908e-08 -2.02193e-09 -1.67791e-07 3.76221e-08 2.57529e-08 2.47749e-08 1.30399e-08 -1.37529e-09 -6.29429e-08 9.59894e-08 1.92856e-07 2.19393e-08 2.97211e-08 3.82468e-08 1.13283e-08 -1.08636e-06 -3.37258e-07 4.85983e-08 1.1629e-07 9.21565e-08 -9.0364e-07 -1.26965e-06 9.44348e-08 5.01935e-09 7.61304e-08 3.13421e-08 -3.73563e-07 -1.26584e-06 -6.62685e-07 3.22851e-08 4.14021e-08 1.8043e-08 3.3791e-08 -7.29228e-07 -6.3696e-08 4.40778e-08 5.84246e-08 1.08407e-08 -4.46348e-07 -4.03426e-07 -2.64523e-07 3.98964e-08 2.58986e-08 -1.01086e-09 -1.79947e-07 4.69353e-08 -0.000958248 -3.25741e-07
1.72382e-06 6.4346e-07 2.64832e-07 4.83805e-06 -1.02831e-06 -3.08238e-06 6.95322e-07 1.43963e-06 1.73276e-07 8.18552e-06 1.84569e-06 1.86892e-05 5.31729e-06 1.4225e-06 1.55576e-06 2.62946e-05 -1.5107e-05 -1.05772e-05 3.1756e-06 -9.47401e-06 -9.0364e-07 0.000163255 -5.0641e-05 -0.000140596 4.42959e-06 -1.22105e-06 7.77223e-07 3.4835e-05 -3.02823e-05 -5.7499e-05 4.1608e-06 2.28537e-06 8.37066e-07 1.13991e-05 -1.53823e-05 4.62999e-06 3.40637e-06 -1.77964e-07 5.09158e-07 6.4883e-06 -5.65858e-06 -1.2615e-05 2.36216e-06 9.37054e-07 3.15329e-07 4.72748e-06 -4.04921e-08 -0.00511937 -2.77328e-06
-2.48285e-06 -8.52471e-07 2.25948e-07 4.45364e-06 -1.29952e-06 -5.37057e-07 -1.65044e-06 -3.04817e-08 9.94418e-08 -3.79747e-06 -6.22383e-06 -8.931e-06 -7.79481e-07 -8.1224e-09 -1.44425e-06 -2.91515e-05 8.00332e-05 3.05497e-05 5.62224e-06 -1.24203e-07 -1.26965e-06 -5.0641e-05 0.000149 0.000111698 1.04709e-06 -3.36419e-06 -1.22206e-06 8.84402e-07 0.00010052 6.37738e-05 -1.55418e-06 -1.07462e-06 -6.24195e-07 -2.48344e-05 5.47718e-05 6.64761e-06 -2.76029e-06 -3.48613e-06 -1.57623e-07 2.28655e-05 2.95238e-05 1.85324e-05 -2.59333e-06 -1.08042e-06 2.13926e-07 4.64351e-06 -2.71133e-06 0.0682931 2.70293e-05
-2.4381e-06 -6.67577e-07 -1.10152e-07 -9.77396e-08 -1.72478e-07 7.20179e-06 -1.48295e-06 -3.51671e-07 -1.6659e-07 -3.68171e-06 -3.80295e-06 -1.03227e-05 -4.04309e-06 -4.07192e-07 -2.15648e-06 -2.48474e-05 3.99075e-05 3.81463e-05 2.39413e-06 8.06518e-06 9.44348e-08 -0.000140596 0.000111698 0.000190911 -1.79939e-06 -9.83912e-07 -1.22045e-06 -2.1305e-05 6.6028e-05 9.18301e-05 -3.51579e-06 -2.05987e-06 -1.1495e-06 -1.19722e-05 3.01128e-05 1.38035e-05 -3.87653e-06 -2.23961e-06 -4.19949e-07 8.42329e-06 1.34506e-05 2.94773e-05 -2.68801e-06 -9.10769e-07 -1.86918e-07 2.55456e-08 5.96015e-06 0.0645834 2.5725e-05
5.72733e-08 4.02836e-08 8.41287e-09 2.50481e-07 -3.14339e-08 -1.02547e-07 -4.62781e-10 1.20762e-07 -1.55259e-10 4.69352e-07 2.02873e-08 1.02887e-06 3.7552e-07 1.86505e-07 5.45193e-08 3.41233e-07 1.29216e-06 8.01516e-07 4.88297e-07 -1.29403e-07 5.01935e-09 4.42959e-06 1.04709e-06 -1.79939e-06 4.7925e-07 -1.78388e-08 1.3781e-08 7.34015e-07 2.0576e-06 1.05751e-07 2.8197e-07 1.88201e-07 1.00047e-08 -3.82699e-07 7.33896e-07 9.60183e-07 1.85561e-07 -9.22248e-08 1.67699e-08 6.98818e-07 6.70793e-07 -2.52894e-08 9.87629e-08 5.7013e-08 1.07402e-08 2.42372e-07 9.38201e-08 0.00232567 5.66645e-07
9.57176e-08 3.01898e-08 -3.79562e-08 -5.16507e-07 1.14156e-07 1.18015e-07 7.6241e-08 -6.26078e-08 -2.36429e-08 -2.01904e-08 2.87252e-07 -4.10369e-07 4.67049e-08 1.76253e-08 2.35568e-08 -4.26275e-08 -1.86664e-06 -7.7387e-07 -7.74035e-08 1.96533e-07 7.61304e-08 -1.22105e-06 -3.36419e-06 -9.83912e-07 -1.78388e-08 4.3623e-07 -3.61621e-09 -3.00343e-06 -2.3292e-06 8.03846e-08 5.37986e-08 6.95984e-08 -2.03675e-08 6.26789e-09 -1.22272e-06 -9.97872e-08 1.21737e-07 2.07573e-07 -2.02285e-08 -1.24707e-06 -6.55051e-07 -3.66632e-07 7.74978e-08 3.55243e-08 -4.01452e-08 -5.55863e-07 1.80751e-07 -0.00426219 -1.97621e-06
3.07643e-08 1.18112e-08 1.02712e-08 -7.88491e-09 2.26837e-08 -4.48171e-08 1.98754e-08 1.5413e-08 8.37642e-09 -2.10521e-08 6.30705e-08 2.84304e-07 3.03011e-08 5.628e-09 3.64879e-08 2.77242e-07 -7.76797e-07 -3.93131e-07 6.71198e-09 -2.24324e-08 3.13421e-08 7.77223e-07 -1.22206e-06 -1.22045e-06 1.3781e-08 -3.61621e-09 4.53721e-08 2.4978e-07 -1.00289e-06 -1.02816e-06 3.54738e-08 2.10814e-08 2.67234e-08 1.85996e-07 -5.35631e-07 -1.34964e-07 3.92664e-08 2.71874e-08 1.81691e-08 -1.7063e-07 -2.70746e-07 -3.24039e-07 3.34899e-08 1.38324e-08 1.28987e-08 5.30907e-09 -3.92526e-08 -0.00064712 -1.9222e-07
6.61112e-08 -7.87511e-08 3.23606e-07 4.40958e-06 -1.59354e-06 -5.25237e-07 -4.7769e-08 4.04642e-07 2.31578e-07 1.62915e-06 -1.15532e-06 7.74343e-06 8.72216e-07 -1.96212e-07 2.72836e-07 9.69668e-06 -1.50199e-07 -4.22063e-07 1.21469e-06 -2.27412e-06 -3.73563e-07 3.4835e-05 8.84402e-07 -2.1305e-05 7.34015e-07 -3.00343e-06 2.4978e-07 3.38633e-05 -3.20462e-06 -2.07132e-05 6.13719e-07 -3.41293e-08 3.93618e-07 5.93466e-06 -2.01426e-06 3.1627e-07 2.57285e-07 -9.06364e-07 3.26013e-07 1.01543e-05 -2.0333e-06 -2.32334e-06 3.08466e-07 -5.86766e-08 3.66364e-07 4.70527e-06 3.21974e-07 0.00456808 7.9233e-06
-1.97145e-06 -6.33191e-07 1.75044e-07 3.37781e-06 -1.08292e-06 -2.08772e-07 -1.36231e-06 1.11172e-07 6.89792e-08 -3.40241e-06 -5.29391e-06 -6.09353e-06 -1.9678e-07 1.63264e-07 -1.03605e-06 -2.4373e-05 6.79449e-05 2.60084e-05 2.43421e-06 -8.28357e-07 -1.26584e-06 -3.02823e-05 0.00010052 6.6028e-05 2.0576e-06 -2.3292e-06 -1.00289e-06 -3.20462e-06 9.32115e-05 5.9356e-05 -7.984e-07 -6.18904e-07 -4.82335e-07 -2.19731e-05 4.84243e-05 7.67886e-06 -1.95514e-06 -2.90829e-06 -1.58306e-07 1.93215e-05 2.65779e-05 1.5279e-05 -2.03222e-06 -8.08114e-07 1.77043e-07 3.56642e-06 -1.78186e-06 0.0569649 2.26632e-05
-1.72587e-06 -2.94656e-07 -1.344e-07 -1.76703e-06 -1.06856e-06 8.38297e-06 -1.13564e-06 3.74491e-08 -1.90806e-07 -4.33764e-06 -3.53558e-06 -3.76201e-06 -2.23852e-06 -4.68041e-08 -1.38611e-06 -1.87661e-05 3.2168e-05 3.25081e-05 1.15681e-07 2.18171e-06 -6.62685e-07 -5.7499e-05 6.37738e-05 9.18301e-05 1.05751e-07 8.03846e-08 -1.02816e-06 -2.07132e-05 5.9356e-05 8.56777e-05 -2.1377e-06 -9.99853e-07 -7.40211e-07 -1.24779e-05 2.28608e-05 1.70173e-05 -2.67465e-06 -1.77428e-06 -2.70811e-07 8.65881e-06 8.40952e-06 2.5708e-05 -1.79584e-06 -4.25035e-07 -1.88372e-07 -2.08175e-06 8.54995e-06 0.0469082 2.43488e-05
9.9888e-08 3.42923e-08 4.266e-09 1.62604e-07 2.47614e-08 -1.46023e-07 4.5641e-08 5.69684e-08 1.97671e-09 4.67962e-07 1.6595e-07 7.0945e-07 3.50241e-07 1.30542e-07 8.39517e-08 4.95628e-07 1.81802e-07 4.70068e-08 2.92062e-07 -1.14913e-07 3.22851e-08 4.1608e-06 -1.55418e-06 -3.51579e-06 2.8197e-07 5.37986e-08 3.54738e-08 6.13719e-07 -7.984e-07 -2.1377e-06 3.02325e-07 1.63968e-07 2.26357e-08 -2.5744e-08 3.83026e-07 7.25931e-07 2.33313e-07 1.11879e-08 1.94734e-08 2.33718e-07 3.68529e-07 -4.01842e-07 1.24535e-07 4.86932e-08 6.71386e-09 1.58714e-07 2.82317e-08 -0.000564201 -7.30933e-07
6.29833e-08 6.73963e-08 -3.5237e-08 -4.92407e-07 -4.80946e-09 1.89173e-07 1.33479e-08 8.16968e-08 -3.20623e-08 -2.26824e-08 7.29994e-08 4.54342e-07 2.14816e-07 1.76955e-07 5.3086e-08 -5.03451e-07 -1.39266e-07 3.52652e-07 2.04966e-07 -2.34942e-08 4.14021e-08 2.28537e-06 -1.07462e-06 -2.05987e-06 1.88201e-07 6.95984e-08 2.10814e-08 -3.41293e-08 -6.18904e-07 -9.99853e-07 1.63968e-07 2.23849e-07 -6.66115e-09 -1.27976e-06 -2.26796e-07 9.14425e-07 1.27336e-07 4.42773e-08 -1.22616e-08 -4.29702e-07 -9.23695e-08 4.56244e-08 8.51189e-08 8.67515e-08 -3.7711e-08 -5.97427e-07 3.60551e-07 0.000277248 6.65785e-08
1.63636e-08 8.28404e-10 2.02355e-08 7.80497e-08 -1.92086e-08 -6.94869e-08 1.34315e-08 8.24763e-09 1.59309e-08 -1.07051e-07 -4.08785e-09 3.03306e-07 1.92185e-08 -2.15592e-08 3.62955e-08 2.48399e-07 -4.036e-07 -3.74845e-07 7.50047e-09 -6.49885e-08 1.8043e-08 8.37066e-07 -6.24195e-07 -1.1495e-06 1.00047e-08 -2.03675e-08 2.67234e-08 3.93618e-07 -4.82335e-07 -7.40211e-07 2.26357e-08 -6.66115e-09 4.71168e-08 1.93815e-07 -3.01061e-07 -2.28345e-07 1.90599e-08 2.96438e-09 2.70481e-08 1.30926e-07 -2.05493e-07 -3.25008e-07 1.82555e-08 6.00815e-10 2.35837e-08 9.07942e-08 -8.69433e-08 -0.000771823 -1.15214e-08
3.9432e-07 -2.58106e-07 3.14847e-07 6.08662e-06 4.71663e-07 -2.75096e-06 3.51237e-07 -2.02153e-07 2.86838e-07 5.92275e-06 1.6966e-06 2.85335e-06 -3.73323e-07 -8.98608e-07 2.06646e-08 1.95429e-05 -2.10258e-05 -9.79526e-06 -6.76793e-07 1.55949e-07 3.3791e-08 1.13991e-05 -2.48344e-05 -1.19722e-05 -3.82699e-07 6.26789e-09 1.85996e-07 5.93466e-06 -2.19731e-05 -1.24779e-05 -2.5744e-08 -1.27976e-06 1.93815e-07 2.39163e-05 -1.46304e-05 -8.10094e-06 3.34807e-07 1.10391e-07 2.03616e-07 -3.44979e-08 -6.33348e-06 -6.41943e-06 4.35947e-07 -2.9458e-07 3.3759e-07 7.1561e-06 -2.90656e-06 -0.00592517 -6.04969e-06
-9.92481e-07 -4.56707e-07 9.20063e-08 2.49076e-06 -1.48833e-07 -1.06418e-06 -6.32526e-07 -2.31097e-07 5.20513e-08 -1.006e-06 -2.49659e-06 -5.87717e-06 5.81723e-07 1.21367e-07 -4.00764e-07 -1.6976e-05 4.62304e-05 1.55245e-05 1.08026e-06 -7.72801e-07 -7.29228e-07 -1.53823e-05 5.47718e-05 3.01128e-05 7.33896e-07 -1.22272e-06 -5.35631e-07 -2.01426e-06 4.84243e-05 2.28608e-05 3.83026e-07 -2.26796e-07 -3.01061e-07 -1.46304e-05 3.78776e-05 6.9275e-06 -5.56297e-07 -1.51315e-06 -9.51296e-08 1.18593e-05 2.05578e-05 8.5619e-06 -1.10736e-06 -5.72606e-07 9.42906e-08 2.67978e-06 -2.04574e-06 0.024573 5.92499e-06
-9.82721e-08 3.13242e-07 -2.17792e-07 -2.78459e-06 -6.60342e-07 6.20686e-06 -2.462e-07 5.43722e-07 -2.3662e-07 -3.61336e-07 -5.4118e-07 4.11613e-06 8.80474e-07 1.02258e-06 -4.92851e-08 -6.50433e-06 7.95197e-06 1.85065e-05 1.03293e-06 6.85747e-08 -6.3696e-08 4.62999e-06 6.64761e-06 1.38035e-05 9.60183e-07 -9.97872e-08 -1.34964e-07 3.1627e-07 7.67886e-06 1.70173e-05 7.25931e-07 9.14425e-07 -2.28345e-07 -8.10094e-06 6.9275e-06 1.9682e-05 9.61485e-08 -4.80322e-07 -8.23473e-08 2.80587e-06 1.38441e-06 1.33256e-05 7.13193e-08 4.02476e-07 -2.56331e-07 -3.56395e-06 8.14902e-06 0.0175668 8.93473e-06
1.19855e-07 2.87978e-08 -1.28387e-09 7.12652e-08 7.98166e-08 -1.37742e-07 7.10312e-08 1.22405e-08 1.91394e-09 4.13908e-07 2.47127e-07 4.6095e-07 2.72893e-07 7.56906e-08 7.75128e-08 7.59123e-07 -8.9511e-07 -6.8874e-07 1.79053e-07 -6.68886e-08 4.40778e-08 3.40637e-06 -2.76029e-06 -3.87653e-06 1.85561e-07 1.21737e-07 3.92664e-08 2.57285e-07 -1.95514e-06 -2.67465e-06 2.33313e-07 1.27336e-07 1.90599e-08 3.34807e-07 -5.56297e-07 9.61485e-08 2.61304e-07 8.62828e-08 6.20134e-09 -1.96303e-07 3.51842e-07 -4.99102e-07 1.29926e-07 3.94546e-08 1.60602e-09 8.75301e-08 -1.88106e-08 -0.00233597 -1.48142e-06
8.56832e-08 3.02404e-08 -3.14915e-08 -5.27355e-07 9.97247e-08 1.10012e-07 6.9645e-08 -5.31752e-08 -1.74315e-08 -1.53578e-07 2.40855e-07 -2.95102e-07 -7.29559e-09 -1.29152e-08 3.25805e-08 1.38218e-07 -2.17257e-06 -1.20581e-06 -1.34569e-07 7.46921e-08 5.84246e-08 -1.77964e-07 -3.48613e-06 -2.23961e-06 -9.22248e-08 2.07573e-07 2.71874e-08 -9.06364e-07 -2.90829e-06 -1.77428e-06 1.11879e-08 4.42773e-08 2.96438e-09 1.10391e-07 -1.51315e-06 -4.80322e-07 8.62828e-08 2.4383e-07 -2.92432e-08 -1.80124e-06 -8.36951e-07 -6.53989e-07 6.73408e-08 3.31263e-08 -3.09711e-08 -5.42392e-07 1.29333e-07 -0.00408863 -1.70264e-06
7.88906e-09 -6.95252e-09 2.48019e-08 1.69811e-07 -2.33908e-08 -9.70183e-08 1.01337e-08 3.59651e-09 1.88276e-08 -4.41258e-08 -1.58686e-09 2.71754e-07 2.2674e-08 -2.6365e-08 2.33382e-08 2.63466e-07 -1.10687e-07 -1.25986e-07 2.81917e-08 -4.27267e-08 1.08407e-08 5.09158e-07 -1.57623e-07 -4.19949e-07 1.67699e-08 -2.02285e-08 1.81691e-08 3.26013e-07 -1.58306e-07 -2.70811e-07 1.94734e-08 -1.22616e-08 2.70481e-08 2.03616e-07 -9.51296e-08 -8.23473e-08 6.20134e-09 -2.92432e-08 5.01432e-08 4.34883e-07 -1.7378e-07 -2.23214e-07 9.96507e-09 -9.04084e-09 2.8235e-08 1.97221e-07 -1.03272e-07 -0.00051715 5.74014e-08
-4.13573e-07 -3.73779e-07 3.54799e-07 4.99023e-06 -1.63704e-06 -5.01639e-07 -2.47601e-07 -4.80527e-08 2.50468e-07 4.0035e-07 -2.06861e-06 2.76786e-06 5.08927e-07 -4.48051e-07 -7.39295e-08 5.25333e-07 1.69604e-05 7.02664e-06 1.05306e-06 -1.15348e-06 -4.46348e-07 6.4883e-06 2.28655e-05 8.42329e-06 6.98818e-07 -1.24707e-06 -1.7063e-07 1.01543e-05 1.93215e-05 8.65881e-06 2.33718e-07 -4.29702e-07 1.30926e-07 -3.44979e-08 1.18593e-05 2.80587e-06 -1.96303e-07 -1.80124e-06 4.34883e-07 2.08122e-05 5.43242e-06 4.52091e-06 -3.17318e-07 -4.2769e-07 3.78061e-07 5.16914e-06 -2.69808e-07 0.00559499 7.81272e-06
-4.47476e-07 -2.69858e-07 6.11529e-08 2.41077e-06 8.48577e-07 -1.83094e-06 -3.12865e-07 -7.93366e-08 4.59164e-08 1.1836e-06 -7.47742e-07 -3.64795e-06 5.6021e-07 2.11625e-07 -1.98382e-07 -7.69813e-06 2.58101e-05 6.31577e-06 8.37901e-07 -3.69013e-07 -4.03426e-07 -5.65858e-06 2.95238e-05 1.34506e-05 6.70793e-07 -6.55051e-07 -2.70746e-07 -2.0333e-06 2.65779e-05 8.40952e-06 3.68529e-07 -9.23695e-08 -2.05493e-07 -6.33348e-06 2.05578e-05 1.38441e-06 3.51842e-07 -8.36951e-07 -1.7378e-07 5.43242e-06 1.87714e-05 5.06872e-06 -5.3644e-07 -3.34782e-07 6.48489e-08 2.81132e-06 -2.87739e-06 0.0188742 9.15942e-08
-5.03997e-07 5.62093e-08 -1.84994e-07 -2.05049e-06 -4.57419e-07 7.02259e-06 -4.04264e-07 1.63871e-07 -1.90144e-07 -8.54368e-07 -1.05527e-06 7.26206e-07 -3.6597e-07 4.08852e-07 -4.10272e-07 -8.35838e-06 1.1706e-05 1.75213e-05 1.26262e-07 4.56894e-07 -2.64523e-07 -1.2615e-05 1.85324e-05 2.94773e-05 -2.52894e-08 -3.66632e-07 -3.24039e-07 -2.32334e-06 1.5279e-05 2.5708e-05 -4.01842e-07 4.56244e-08 -3.25008e-07 -6.41943e-06 8.5619e-06 1.33256e-05 -4.99102e-07 -6.53989e-07 -2.23214e-07 4.52091e-06 5.06872e-06 2.31549e-05 -4.72256e-07 6.54672e-08 -2.35503e-07 -2.62784e-06 7.87371e-06 0.0207071 9.37895e-06
8.31281e-08 3.13052e-08 -3.55179e-09 -3.61849e-08 9.80067e-09 -6.77699e-09 4.64246e-08 2.66169e-08 -1.71666e-09 2.44469e-07 1.63695e-07 4.81663e-07 1.4143e-07 5.29389e-08 5.19528e-08 7.54845e-07 -1.46847e-06 -5.41183e-07 9.06429e-08 -2.538e-08 3.98964e-08 2.36216e-06 -2.59333e-06 -2.68801e-06 9.87629e-08 7.74978e-08 3.34899e-08 3.08466e-07 -2.03222e-06 -1.79584e-06 1.24535e-07 8.51189e-08 1.82555e-08 4.35947e-07 -1.10736e-06 7.13193e-08 1.29926e-07 6.73408e-08 9.96507e-09 -3.17318e-07 -5.3644e-07 -4.72256e-07 9.7165e-08 4.17499e-08 -2.42457e-09 -4.82164e-08 1.1161e-07 -0.00140269 -6.48081e-07
2.93363e-08 4.60514e-08 -2.3524e-08 -4.01832e-07 -3.96977e-09 1.76403e-07 2.20776e-09 5.50414e-08 -2.15335e-08 -1.14722e-07 2.984e-08 2.41149e-07 5.77233e-08 8.28979e-08 2.07096e-08 -8.81405e-08 -6.9073e-07 1.24633e-07 5.31303e-08 1.20039e-08 2.58986e-08 9.37054e-07 -1.08042e-06 -9.10769e-07 5.7013e-08 3.55243e-08 1.38324e-08 -5.86766e-08 -8.08114e-07 -4.25035e-07 4.86932e-08 8.67515e-08 6.00815e-10 -2.9458e-07 -5.72606e-07 4.02476e-07 3.94546e-08 3.31263e-08 -9.04084e-09 -4.2769e-07 -3.34782e-07 6.54672e-08 4.17499e-08 6.38554e-08 -2.87635e-08 -5.6054e-07 2.70069e-07 0.000366139 2.36739e-07
-1.36143e-09 -2.04455e-08 3.33014e-08 3.25531e-07 -7.43396e-10 -1.76161e-07 6.96641e-09 -6.03118e-09 2.71555e-08 3.44377e-08 -8.57259e-09 2.36969e-07 6.80209e-09 -4.50839e-08 1.34702e-08 3.53643e-07 1.18917e-07 -2.02376e-07 1.76439e-08 -4.38975e-08 -1.01086e-09 3.15329e-07 2.13926e-07 -1.86918e-07 1.07402e-08 -4.01452e-08 1.28987e-08 3.66364e-07 1.77043e-07 -1.88372e-07 6.71386e-09 -3.7711e-08 2.35837e-08 3.3759e-07 9.42906e-08 -2.56331e-07 1.60602e-09 -3.09711e-08 2.8235e-08 3.78061e-07 6.48489e-08 -2.35503e-07 -2.42457e-09 -2.87635e-08 4.20335e-08 4.3032e-07 -2.34659e-07 -0.000254521 1.02481e-08
-5.2409e-08 -4.00884e-07 3.49863e-07 6.40698e-06 2.14874e-07 -2.99892e-06 5.28053e-08 -2.09813e-07 2.97965e-07 4.22363e-06 3.43386e-07 1.35669e-06 1.61434e-07 -4.87398e-07 -1.05809e-08 6.58445e-06 3.11286e-06 -2.2325e-06 3.26174e-07 -3.533e-07 -1.79947e-07 4.72748e-06 4.64351e-06 2.55456e-08 2.42372e-07 -5.55863e-07 5.30907e-09 4.70527e-06 3.56642e-06 -2.08175e-06 1.58714e-07 -5.97427e-07 9.07942e-08 7.1561e-06 2.67978e-06 -3.56395e-06 8.75301e-08 -5.42392e-07 1.97221e-07 5.16914e-06 2.81132e-06 -2.62784e-06 -4.82164e-08 -5.6054e-07 4.3032e-07 8.61716e-06 -3.70151e-06 0.00414732 -1.66442e-06
2.99193e-08 2.09154e-07 -1.97478e-07 -2.88871e-06 -8.85702e-07 6.53613e-06 -2.90823e-08 1.16856e-07 -1.76509e-07 -1.09998e-06 -2.94573e-07 3.152e-06 8.26461e-08 3.31217e-07 -2.74499e-08 -2.79359e-06 -2.08678e-06 7.94898e-06 6.36432e-08 1.87745e-07 4.69353e-08 -4.04921e-08 -2.71133e-06 5.96015e-06 9.38201e-08 1.80751e-07 -3.92526e-08 3.21974e-07 -1.78186e-06 8.54995e-06 2.82317e-08 3.60551e-07 -8.69433e-08 -2.90656e-06 -2.04574e-06 8.14902e-06 -1.88106e-08 1.29333e-07 -1.03272e-07 -2.69808e-07 -2.87739e-06 7.87371e-06 1.1161e-07 2.70069e-07 -2.34659e-07 -3.70151e-06 8.80875e-06 -0.000273848 3.21879e-06
-0.00197437 0.000217029 -0.000116344 0.00457475 0.00112286 0.000211408 -0.00206674 0.00264633 -0.000298622 0.00827413 -0.00268863 0.0046339 -0.000519789 0.0028486 -0.00109684 -0.00815177 0.0359194 0.0330385 0.00294728 0.000848144 -0.000958248 -0.00511937 0.0682931 0.0645834 0.00232567 -0.00426219 -0.00064712 0.00456808 0.0569649 0.0469082 -0.000564201 0.000277248 -0.000771823 -0.00592517 0.024573 0.0175668 -0.00233597 -0.00408863 -0.00051715 0.00559499 0.0188742 0.0207071 -0.00140269 0.000366139 -0.000254521 0.00414732 -0.000273848 161.153 0.0448228
-9.1855e-07 1.73864e-07 4.29453e-08 -8.29357e-07 -1.64196e-06 2.9314e-06 -8.78752e-07 1.10262e-06 -7.88568e-08 -3.47415e-06 -3.20043e-06 5.74319e-06 -6.81864e-07 6.14477e-07 -3.66011e-07 -5.04077e-06 1.10888e-05 1.52715e-05 8.62668e-07 -2.58336e-07 -3.25741e-07 -2.77328e-06 2.70293e-05 2.5725e-05 5.66645e-07 -1.97621e-06 -1.9222e-07 7.9233e-06 2.26632e-05 2.43488e-05 -7.30933e-07 6.65785e-08 -1.15214e-08 -6.04969e-06 5.92499e-06 8.93473e-06 -1.48142e-06 -1.70264e-06 5.74014e-08 7.81272e-06 9.15942e-08 9.37895e-06 -6.48081e-07 2.36739e-07 1.02481e-08 -1.66442e-06 3.21879e-06 0.0448228 2.86148e-05
